
function CheckQuest()
    local MyLevel = game.Players.localPlayer.Data.Level.Value
   if MyLevel == 700 or MyLevel <= 724 then -- Raider [Lv. 700]
					Ms = "Raider [Lv. 700]"
					NameQuest = "Area1Quest"
					LevelQuest = 1
					NameMon = "Raider"
					CFrameQuest = CFrame.new(-429.543518, 71.7699966, 1836.18188, -0.22495985, 0, -0.974368095, 0, 1, 0, 0.974368095, 0, -0.22495985)
					CFrameMon = CFrame.new(-737.026123, 10.1748352, 2392.57959, 0.272128761, 0, -0.962260842, -0, 1, -0, 0.962260842, 0, 0.272128761)
				elseif MyLevel == 725 or MyLevel <= 774 then -- Mercenary [Lv. 725]
					Ms = "Mercenary [Lv. 725]"
					NameQuest = "Area1Quest"
					LevelQuest = 2
					NameMon = "Mercenary"
					CFrameQuest = CFrame.new(-429.543518, 71.7699966, 1836.18188, -0.22495985, 0, -0.974368095, 0, 1, 0, 0.974368095, 0, -0.22495985)
					CFrameMon = CFrame.new(-1022.21271, 72.9855194, 1891.39148, -0.990782857, 0, -0.135460541, 0, 1, 0, 0.135460541, 0, -0.990782857)
				elseif MyLevel == 775 or MyLevel <= 799 then -- Swan Pirate [Lv. 775]
					Ms = "Swan Pirate [Lv. 775]"
					NameQuest = "Area2Quest"
					LevelQuest = 1
					NameMon = "Swan Pirate"
					CFrameQuest = CFrame.new(638.43811, 71.769989, 918.282898, 0.139203906, 0, 0.99026376, 0, 1, 0, -0.99026376, 0, 0.139203906)
					CFrameMon = CFrame.new(976.467651, 111.174057, 1229.1084, 0.00852567982, -4.73897828e-08, -0.999963999, 1.12251888e-08, 1, -4.7295778e-08, 0.999963999, -1.08215579e-08, 0.00852567982)
				elseif MyLevel == 800 or MyLevel <= 874 then -- Factory Staff [Lv. 800]
					Ms = "Factory Staff [Lv. 800]"
					NameQuest = "Area2Quest"
					LevelQuest = 2
					NameMon = "Factory Staff"
					CFrameQuest = CFrame.new(638.43811, 71.769989, 918.282898, 0.139203906, 0, 0.99026376, 0, 1, 0, -0.99026376, 0, 0.139203906)
					CFrameMon = CFrame.new(336.74585, 73.1620483, -224.129272, 0.993632793, 3.40154607e-08, 0.112668738, -3.87658332e-08, 1, 3.99718729e-08, -0.112668738, -4.40850592e-08, 0.993632793)
				elseif MyLevel == 875 or MyLevel <= 899 then -- Marine Lieutenant [Lv. 875]
					Ms = "Marine Lieutenant [Lv. 875]"
					NameQuest = "MarineQuest3"
					LevelQuest = 1
					NameMon = "Marine Lieutenant"
					CFrameQuest = CFrame.new(-2440.79639, 71.7140732, -3216.06812, 0.866007268, 0, 0.500031412, 0, 1, 0, -0.500031412, 0, 0.866007268)
					CFrameMon = CFrame.new(-2842.69922, 72.9919434, -2901.90479, -0.762281299, 0, -0.64724648, 0, 1.00000012, 0, 0.64724648, 0, -0.762281299)
				elseif MyLevel == 900 or MyLevel <= 949 then -- Marine Captain [Lv. 900]
					Ms = "Marine Captain [Lv. 900]"
					NameQuest = "MarineQuest3"
					LevelQuest = 2
					NameMon = "Marine Captain"
					CFrameQuest = CFrame.new(-2440.79639, 71.7140732, -3216.06812, 0.866007268, 0, 0.500031412, 0, 1, 0, -0.500031412, 0, 0.866007268)
					CFrameMon = CFrame.new(-1814.70313, 72.9919434, -3208.86621, -0.900422215, 7.93464423e-08, -0.435017526, 3.68856199e-08, 1, 1.06050372e-07, 0.435017526, 7.94441988e-08, -0.900422215)
				elseif MyLevel == 950 or MyLevel <= 974 then -- Zombie [Lv. 950]
					Ms = "Zombie [Lv. 950]"
					NameQuest = "ZombieQuest"
					LevelQuest = 1
					NameMon = "Zombie"
					CFrameQuest = CFrame.new(-5497.06152, 47.5923004, -795.237061, -0.29242146, 0, -0.95628953, 0, 1, 0, 0.95628953, 0, -0.29242146)
					CFrameMon = CFrame.new(-5649.23438, 126.0578, -737.773743, 0.355238914, -8.10359282e-08, 0.934775114, 1.65461245e-08, 1, 8.04023372e-08, -0.934775114, -1.3095117e-08, 0.355238914)
				elseif MyLevel == 975 or MyLevel <= 999 then -- Vampire [Lv. 975]
					Ms = "Vampire [Lv. 975]"
					NameQuest = "ZombieQuest"
					LevelQuest = 2
					NameMon = "Vampire"
					CFrameQuest = CFrame.new(-5497.06152, 47.5923004, -795.237061, -0.29242146, 0, -0.95628953, 0, 1, 0, 0.95628953, 0, -0.29242146)
					CFrameMon = CFrame.new(-6030.32031, 0.4377408, -1313.5564, -0.856965423, 3.9138893e-08, -0.515373945, -1.12178942e-08, 1, 9.45958547e-08, 0.515373945, 8.68467822e-08, -0.856965423)
				elseif MyLevel == 1000 or MyLevel <= 1049 then -- Snow Trooper [Lv. 1000] **
					Ms = "Snow Trooper [Lv. 1000]"
					NameQuest = "SnowMountainQuest"
					LevelQuest = 1
					NameMon = "Snow Trooper"
					CFrameQuest = CFrame.new(609.858826, 400.119904, -5372.25928, -0.374604106, 0, 0.92718488, 0, 1, 0, -0.92718488, 0, -0.374604106)
					CFrameMon = CFrame.new(621.003418, 391.361053, -5335.43604, 0.481644779, 0, 0.876366913, 0, 1, 0, -0.876366913, 0, 0.481644779)
				elseif MyLevel == 1050 or MyLevel <= 1099 then -- Winter Warrior [Lv. 1050]
					Ms = "Winter Warrior [Lv. 1050]"
					NameQuest = "SnowMountainQuest"
					LevelQuest = 2
					NameMon = "Winter Warrior"
					CFrameQuest = CFrame.new(609.858826, 400.119904, -5372.25928, -0.374604106, 0, 0.92718488, 0, 1, 0, -0.92718488, 0, -0.374604106)
					CFrameMon = CFrame.new(1295.62683, 429.447784, -5087.04492, -0.698032081, -8.28980049e-08, -0.71606636, -1.98835952e-08, 1, -9.63858184e-08, 0.71606636, -5.30424877e-08, -0.698032081)
				elseif MyLevel == 1100 or MyLevel <= 1124 then -- Lab Subordinate [Lv. 1100]
					Ms = "Lab Subordinate [Lv. 1100]"
					NameQuest = "IceSideQuest"
					LevelQuest = 1
					NameMon = "Lab Subordinate"
					CFrameQuest = CFrame.new(-6064.06885, 15.2422857, -4902.97852, 0.453972578, -0, -0.891015649, 0, 1, -0, 0.891015649, 0, 0.453972578)
					CFrameMon = CFrame.new(-5769.2041, 37.9288292, -4468.38721, -0.569419742, -2.49055017e-08, 0.822046936, -6.96206541e-08, 1, -1.79282633e-08, -0.822046936, -6.74401548e-08, -0.569419742)
				elseif MyLevel == 1125 or MyLevel <= 1174 then -- Horned Warrior [Lv. 1125]
					Ms = "Horned Warrior [Lv. 1125]"
					NameQuest = "IceSideQuest"
					LevelQuest = 2
					NameMon = "Horned Warrior"
					CFrameQuest = CFrame.new(-6064.06885, 15.2422857, -4902.97852, 0.453972578, -0, -0.891015649, 0, 1, -0, 0.891015649, 0, 0.453972578)
					CFrameMon = CFrame.new(-6401.27979, 15.9775667, -5948.24316, 0.388303697, 0, -0.921531856, 0, 1, 0, 0.921531856, 0, 0.388303697)
				elseif MyLevel == 1175 or MyLevel <= 1199 then -- Magma Ninja [Lv. 1175]
					Ms = "Magma Ninja [Lv. 1175]"
					NameQuest = "FireSideQuest"
					LevelQuest = 1
					NameMon = "Magma Ninja"
					CFrameQuest = CFrame.new(-5428.03174, 15.0622921, -5299.43457, -0.882952213, 0, 0.469463557, 0, 1, 0, -0.469463557, 0, -0.882952213)
					CFrameMon = CFrame.new(-5466.06445, 57.6952019, -5837.42822, -0.988835871, 0, -0.149006829, 0, 1, 0, 0.149006829, 0, -0.988835871)
				elseif MyLevel == 1200 or MyLevel <= 1249 then 
					Ms = "Lava Pirate [Lv. 1200]"
					NameQuest = "FireSideQuest"
					LevelQuest = 2
					NameMon = "Lava Pirate"
					CFrameQuest = CFrame.new(-5431.09473, 15.9868021, -5296.53223, 0.831796765, 1.15322464e-07, -0.555080295, -1.10814341e-07, 1, 4.17010995e-08, 0.555080295, 2.68240168e-08, 0.831796765)
					CFrameMon = CFrame.new(-5169.71729, 34.1234779, -4669.73633, -0.196780294, 0, 0.98044765, 0, 1.00000012, -0, -0.98044765, 0, -0.196780294)
				elseif MyLevel == 1250 or MyLevel <= 1274 then 
					Ms = "Ship Deckhand [Lv. 1250]"
					NameQuest = "ShipQuest1"
					LevelQuest = 1
					NameMon = "Ship Deckhand"
					CFrameQuest = CFrame.new(1037.80127, 125.092171, 32911.6016, -0.244533166, -0, -0.969640911, -0, 1.00000012, -0, 0.96964103, 0, -0.244533136)
					CFrameMon = CFrame.new(1163.80872, 138.288452, 33058.4258, -0.998580813, 5.49076979e-08, -0.0532564968, 5.57436763e-08, 1, -1.42118655e-08, 0.0532564968, -1.71604082e-08, -0.998580813)
				elseif MyLevel == 1275 or MyLevel <= 1299 then 
					Ms = "Ship Engineer [Lv. 1275]"
					NameQuest = "ShipQuest1"
					LevelQuest = 2
					NameMon = "Ship Engineer"
					CFrameQuest = CFrame.new(1037.80127, 125.092171, 32911.6016, -0.244533166, -0, -0.969640911, -0, 1.00000012, -0, 0.96964103, 0, -0.244533136)
					CFrameMon = CFrame.new(921.30249023438, 125.400390625, 32937.34375)
				elseif MyLevel == 1300 or MyLevel <= 1324 then 
					Ms = "Ship Steward [Lv. 1300]"
					NameQuest = "ShipQuest2"
					LevelQuest = 1
					NameMon = "Ship Steward"
					CFrameQuest = CFrame.new(968.80957, 125.092171, 33244.125, -0.869560242, 1.51905191e-08, -0.493826836, 1.44108379e-08, 1, 5.38534195e-09, 0.493826836, -2.43357912e-09, -0.869560242)
					CFrameMon = CFrame.new(917.96057128906, 136.89932250977, 33343.4140625)
				elseif MyLevel == 1325 or MyLevel <= 1349 then 
					Ms = "Ship Officer [Lv. 1325]"
					NameQuest = "ShipQuest2"
					LevelQuest = 2
					NameMon = "Ship Officer"
					CFrameQuest = CFrame.new(968.80957, 125.092171, 33244.125, -0.869560242, 1.51905191e-08, -0.493826836, 1.44108379e-08, 1, 5.38534195e-09, 0.493826836, -2.43357912e-09, -0.869560242)
					CFrameMon = CFrame.new(944.44964599609, 181.40081787109, 33278.9453125)
				elseif MyLevel == 1350 or MyLevel <= 1374 then 
					Ms = "Arctic Warrior [Lv. 1350]"
					NameQuest = "FrostQuest"
					LevelQuest = 1
					NameMon = "Arctic Warrior"
					CFrameQuest = CFrame.new(5667.6582, 26.7997818, -6486.08984, -0.933587909, 0, -0.358349502, 0, 1, 0, 0.358349502, 0, -0.933587909)
					CFrameMon = CFrame.new(5878.23486, 81.3886948, -6136.35596, -0.451037169, 2.3908234e-07, 0.892505825, -1.08168464e-07, 1, -3.22542007e-07, -0.892505825, -2.4201924e-07, -0.451037169)
				elseif MyLevel == 1375 or MyLevel <= 1424 then -- Snow Lurker [Lv. 1375]
					Ms = "Snow Lurker [Lv. 1375]"
					NameQuest = "FrostQuest"
					LevelQuest = 2
					NameMon = "Snow Lurker"
					CFrameQuest = CFrame.new(5667.6582, 26.7997818, -6486.08984, -0.933587909, 0, -0.358349502, 0, 1, 0, 0.358349502, 0, -0.933587909)
					CFrameMon = CFrame.new(5513.36865, 60.546711, -6809.94971, -0.958693981, -1.65617333e-08, 0.284439981, -4.07668654e-09, 1, 4.44854642e-08, -0.284439981, 4.14883701e-08, -0.958693981)
				elseif MyLevel == 1425 or MyLevel <= 1449 then -- Sea Soldier [Lv. 1425]
					Ms = "Sea Soldier [Lv. 1425]"
					NameQuest = "ForgottenQuest"
					LevelQuest = 1
					NameMon = "Sea Soldier"
					CFrameQuest = CFrame.new(-3054.44458, 235.544281, -10142.8193, 0.990270376, -0, -0.13915664, 0, 1, -0, 0.13915664, 0, 0.990270376)
					CFrameMon = CFrame.new(-3115.78223, 63.8785706, -9808.38574, -0.913427353, 3.11199457e-08, 0.407000452, 7.79564235e-09, 1, -5.89660658e-08, -0.407000452, -5.06883708e-08, -0.913427353)
				elseif MyLevel >= 1450 then -- Water Fighter [Lv. 1450]
					Ms = "Water Fighter [Lv. 1450]"
					NameQuest = "ForgottenQuest"
					LevelQuest = 2
					NameMon = "Water Fighter"
					CFrameQuest = CFrame.new(-3054.44458, 235.544281, -10142.8193, 0.990270376, -0, -0.13915664, 0, 1, -0, 0.13915664, 0, 0.990270376)
					CFrameMon = CFrame.new(-3212.99683, 263.809296, -10551.8799, 0.742111444, -5.59139615e-08, -0.670276582, 1.69155214e-08, 1, -6.46908234e-08, 0.670276582, 3.66697037e-08, 0.742111444)
				end
			end



--Click
function Click()
    local VirtualUser = game:GetService('VirtualUser')
    VirtualUser:CaptureController()
    VirtualUser:ClickButton1(Vector2.new(851, 158), game:GetService("Workspace").Camera.CFrame)
end

--tween
function TP(P)
		NoClip = true
		Distance = (P.Position - game.Players.LocalPlayer.Character.HumanoidRootPart.Position).Magnitude
		if Distance < 10 then
			Speed = 1000
		elseif Distance < 170 then
			game.Players.LocalPlayer.Character.HumanoidRootPart.CFrame = P
			Speed = 350
		elseif Distance < 1000 then
			Speed = 350
		elseif Distance >= 1000 then
			Speed = 250
		end
		game:GetService("TweenService"):Create(
			game.Players.LocalPlayer.Character.HumanoidRootPart,
			TweenInfo.new(Distance/Speed, Enum.EasingStyle.Linear),
			{CFrame = P}
		):Play()
		NoClip = false
	end

--Equip tool
function Equip(ToolX)
    if game:GetService("Players").LocalPlayer.Backpack:FindFirstChild(ToolX) then
        getgenv().Tol = game:GetService("Players").LocalPlayer.Backpack:FindFirstChild(ToolX)
        game.Players.LocalPlayer.Character.Humanoid:EquipTool(Tol)
    end
end

SelectBoss = ""
	function CheckQuestBoss()
	if SelectBoss == "Don Swan [Lv. 1000] [Boss]" then
			MsBoss = "Don Swan [Lv. 1000] [Boss]"
			NameQuestBoss = ""
			LevelQuestBoss = 3
			NameBoss = "Don Swan"
			CFrameBoss = CFrame.new(2288.802, 15.1870775, 863.034607, 0.99974072, -8.41247214e-08, -0.0227668174, 8.4774733e-08, 1, 2.75850098e-08, 0.0227668174, -2.95079072e-08, 0.99974072)
		
		elseif SelectBoss == "Diamond [Lv. 750] [Boss]" then
			MsBoss = "Diamond [Lv. 750] [Boss]"
			NameQuestBoss = "Area1Quest"
			LevelQuestBoss = 3
			NameBoss = "Diamond"
			CFrameQuestBoss = CFrame.new(-424.080078, 73.0055847, 1836.91589, 0.253544956, -1.42165932e-08, 0.967323601, -6.00147771e-08, 1, 3.04272909e-08, -0.967323601, -6.5768397e-08, 0.253544956)
			CFrameBoss = CFrame.new(-1736.26587, 198.627731, -236.412857, -0.997808516, 0, -0.0661673471, 0, 1, 0, 0.0661673471, 0, -0.997808516)
		elseif SelectBoss == "Jeremy [Lv. 850] [Boss]" then
			MsBoss = "Jeremy [Lv. 850] [Boss]"
			NameQuestBoss = "Area2Quest"
			LevelQuestBoss = 3
			NameBoss = "Jeremy"
			CFrameQuestBoss = CFrame.new(632.698608, 73.1055908, 918.666321, -0.0319722369, 8.96074881e-10, -0.999488771, 1.36326533e-10, 1, 8.92172336e-10, 0.999488771, -1.07732087e-10, -0.0319722369)
			CFrameBoss = CFrame.new(2203.76953, 448.966034, 752.731079, -0.0217453763, 0, -0.999763548, 0, 1, 0, 0.999763548, 0, -0.0217453763)
		elseif SelectBoss == "Fajita [Lv. 925] [Boss]" then
			MsBoss = "Fajita [Lv. 925] [Boss]"
			NameQuestBoss = "MarineQuest3"
			LevelQuestBoss = 3
			NameBoss = "Fajita"
			CFrameQuestBoss = CFrame.new(-2442.65015, 73.0511475, -3219.11523, -0.873540044, 4.2329841e-08, -0.486752301, 5.64383384e-08, 1, -1.43220786e-08, 0.486752301, -3.99823996e-08, -0.873540044)
			CFrameBoss = CFrame.new(-2297.40332, 115.449463, -3946.53833, 0.961227536, -1.46645796e-09, -0.275756449, -2.3212845e-09, 1, -1.34094433e-08, 0.275756449, 1.35296352e-08, 0.961227536)
		elseif SelectBoss == "Smoke Admiral [Lv. 1150] [Boss]" then
			MsBoss = "Smoke Admiral [Lv. 1150] [Boss]"
			NameQuestBoss = "IceSideQuest"
			LevelQuestBoss = 3
			NameBoss = "Smoke Admiral"
			CFrameQuestBoss = CFrame.new(-6059.96191, 15.9868021, -4904.7373, -0.444992423, -3.0874483e-09, 0.895534337, -3.64098796e-08, 1, -1.4644522e-08, -0.895534337, -3.91229982e-08, -0.444992423)
			CFrameBoss = CFrame.new(-5115.72754, 23.7664986, -5338.2207, 0.251453817, 1.48345061e-08, -0.967869282, 4.02796978e-08, 1, 2.57916977e-08, 0.967869282, -4.54708946e-08, 0.251453817)
		elseif SelectBoss == "Awakened Ice Admiral [Lv. 1400] [Boss]" then
			MsBoss = "Awakened Ice Admiral [Lv. 1400] [Boss]"
			NameQuestBoss = "FrostQuest"
			LevelQuestBoss = 3
			NameBoss = "Awakened Ice Admiral"
			CFrameQuestBoss = CFrame.new(5669.33203, 28.2118053, -6481.55908, 0.921275556, -1.25320829e-08, 0.388910472, 4.72230788e-08, 1, -7.96414241e-08, -0.388910472, 9.17372489e-08, 0.921275556)
			CFrameBoss = CFrame.new(6407.33936, 340.223785, -6892.521, 0.49051559, -5.25310213e-08, -0.871432424, -2.76146022e-08, 1, -7.58250565e-08, 0.871432424, 6.12576301e-08, 0.49051559)
		elseif SelectBoss == "Tide Keeper [Lv. 1475] [Boss]" then
			MsBoss = "Tide Keeper [Lv. 1475] [Boss]"
			NameQuestBoss = "ForgottenQuest"             
			LevelQuestBoss = 3
			NameBoss = "Tide Keeper"
			CFrameQuestBoss = CFrame.new(-3053.89648, 236.881363, -10148.2324, -0.985987961, -3.58504737e-09, 0.16681771, -3.07832915e-09, 1, 3.29612559e-09, -0.16681771, 2.73641976e-09, -0.985987961)
			CFrameBoss = CFrame.new(-3570.18652, 123.328949, -11555.9072, 0.465199202, -1.3857326e-08, 0.885206044, 4.0332897e-09, 1, 1.35347511e-08, -0.885206044, -2.72606271e-09, 0.465199202)
			end
			end
			CheckQuestBoss()
	
	do -- Init
		task = task or getrenv().task;
		fastSpawn,fastWait,delay = task.spawn,task.wait,task.delay
	end
	
	function SlowtoTarget(CFgo)
	
		local tween_s = game:service"TweenService"
		local info = TweenInfo.new((game:GetService("Players")["LocalPlayer"].Character.HumanoidRootPart.Position - CFgo.Position).Magnitude/250, Enum.EasingStyle.Linear)
		local tween = tween_s:Create(game.Players.LocalPlayer.Character["HumanoidRootPart"], info, {CFrame = CFgo})
		tween:Play()
	
	end
	
	function MytoTarget(CFgo)
		local tweenfunc = {}
		if (game:GetService("Players")["LocalPlayer"].Character.HumanoidRootPart.Position - CFgo.Position).Magnitude <= 20 then
			pcall(function()
				tween:Cancel()
	
				game:GetService("Players")["LocalPlayer"].Character.HumanoidRootPart.CFrame = CFgo
	
				return
			end)
		end
		local tween_s = game:service"TweenService"
		local info = TweenInfo.new((game:GetService("Players")["LocalPlayer"].Character.HumanoidRootPart.Position - CFgo.Position).Magnitude/275, Enum.EasingStyle.Linear)
		local tween = tween_s:Create(game.Players.LocalPlayer.Character["HumanoidRootPart"], info, {CFrame = CFgo})
		tween:Play()
	
		function tweenfunc:Stop()
			tween:Cancel()
		end 
	
		if not tween then return tween end
		return tweenfunc
	end
	
	function toTarget(targetPos, targetCFrame)
		if FastTween then
			Distance = (targetPos - game:GetService("Players").LocalPlayer.Character:WaitForChild("HumanoidRootPart").Position).Magnitude
			if Distance < 1000 then
				Speed = 325
			elseif Distance >= 1000 then
				Speed = 300
			end
		else
			Distance = (targetPos - game:GetService("Players").LocalPlayer.Character:WaitForChild("HumanoidRootPart").Position).Magnitude
			if Distance < 1000 then
				Speed = 275
			elseif Distance >= 1000 then
				Speed = 250
			end
		end
		local tweenfunc = {}
	
		local tween_s = game:service"TweenService"
		local info = TweenInfo.new((targetPos - game:GetService("Players").LocalPlayer.Character:WaitForChild("HumanoidRootPart").Position).Magnitude/Speed, Enum.EasingStyle.Linear)
		local tween = tween_s:Create(game:GetService("Players").LocalPlayer.Character["HumanoidRootPart"], info, {CFrame = targetCFrame * CFrame.fromAxisAngle(Vector3.new(1,0,0), math.rad(0))})
		tween:Play()
	
		function tweenfunc:Stop()
			tween:Cancel()
		end 
	
		if StatsBypass == "Bypassed" and UseTP then
			tween:Cancel()
			game:GetService("Players").LocalPlayer.Character["HumanoidRootPart"].CFrame = targetCFrame
		end
		if not tween then return tween end
		return tweenfunc
	end
	
	game.Players.LocalPlayer.CharacterAdded:Connect(function()
		StatsBypass = "NoBypassTP"
	end)
	spawn(function()
		while wait() do
			pcall(function()
				if game:GetService("Players").LocalPlayer.Character:FindFirstChild("HasBuso") then
					if StatsBypass == "Bypassing" or StatsBypass == "Bypassed" then
						game.Players.LocalPlayer.Character.Humanoid:SetStateEnabled(15, false)
					else
						game.Players.LocalPlayer.Character.Humanoid:SetStateEnabled(15, true)
					end
				end
			end)
		end
	end)
	AutoQuestBoss = true
	function CheckQuestBoss()
	if SelectBoss == "Diamond [Lv. 750] [Boss]" then
			MsBoss = "Diamond [Lv. 750] [Boss]"
			NameQuestBoss = "Area1Quest"
			LevelQuestBoss = 3
			CFrameQuestBoss = CFrame.new(-424.080078, 73.0055847, 1836.91589, 0.253544956, -1.42165932e-08, 0.967323601, -6.00147771e-08, 1, 3.04272909e-08, -0.967323601, -6.5768397e-08, 0.253544956)
			CFrameBoss = CFrame.new(-1736.26587, 198.627731, -236.412857, -0.997808516, 0, -0.0661673471, 0, 1, 0, 0.0661673471, 0, -0.997808516)
		elseif SelectBoss == "Jeremy [Lv. 850] [Boss]" then
			MsBoss = "Jeremy [Lv. 850] [Boss]"
			NameQuestBoss = "Area2Quest"
			LevelQuestBoss = 3
			CFrameQuestBoss = CFrame.new(632.698608, 73.1055908, 918.666321, -0.0319722369, 8.96074881e-10, -0.999488771, 1.36326533e-10, 1, 8.92172336e-10, 0.999488771, -1.07732087e-10, -0.0319722369)
			CFrameBoss = CFrame.new(2203.76953, 448.966034, 752.731079, -0.0217453763, 0, -0.999763548, 0, 1, 0, 0.999763548, 0, -0.0217453763)
		elseif SelectBoss == "Fajita [Lv. 925] [Boss]" then
			MsBoss = "Fajita [Lv. 925] [Boss]"
			NameQuestBoss = "MarineQuest3"
			LevelQuestBoss = 3
			CFrameQuestBoss = CFrame.new(-2442.65015, 73.0511475, -3219.11523, -0.873540044, 4.2329841e-08, -0.486752301, 5.64383384e-08, 1, -1.43220786e-08, 0.486752301, -3.99823996e-08, -0.873540044)
			CFrameBoss = CFrame.new(-2297.40332, 115.449463, -3946.53833, 0.961227536, -1.46645796e-09, -0.275756449, -2.3212845e-09, 1, -1.34094433e-08, 0.275756449, 1.35296352e-08, 0.961227536)
		elseif SelectBoss == "Don Swan [Lv. 1000] [Boss]" then
			MsBoss = "Don Swan [Lv. 1000] [Boss]"
			CFrameBoss = CFrame.new(2288.802, 15.1870775, 863.034607, 0.99974072, -8.41247214e-08, -0.0227668174, 8.4774733e-08, 1, 2.75850098e-08, 0.0227668174, -2.95079072e-08, 0.99974072)
		elseif SelectBoss == "Smoke Admiral [Lv. 1150] [Boss]" then
			MsBoss = "Smoke Admiral [Lv. 1150] [Boss]"
			NameQuestBoss = "IceSideQuest"
			LevelQuestBoss = 3
			CFrameQuestBoss = CFrame.new(-6059.96191, 15.9868021, -4904.7373, -0.444992423, -3.0874483e-09, 0.895534337, -3.64098796e-08, 1, -1.4644522e-08, -0.895534337, -3.91229982e-08, -0.444992423)
			CFrameBoss = CFrame.new(-5115.72754, 23.7664986, -5338.2207, 0.251453817, 1.48345061e-08, -0.967869282, 4.02796978e-08, 1, 2.57916977e-08, 0.967869282, -4.54708946e-08, 0.251453817)
		elseif SelectBoss == "Cursed Captain [Lv. 1325] [Raid Boss]" then
			MsBoss = "Cursed Captain [Lv. 1325] [Raid Boss]"
			CFrameBoss = CFrame.new(916.928589, 181.092773, 33422, -0.999505103, 9.26310495e-09, 0.0314563364, 8.42916226e-09, 1, -2.6643713e-08, -0.0314563364, -2.63653774e-08, -0.999505103)
			elseif SelectBoss == "Darkbeard [Lv. 1000] [Raid Boss]" then
			MsBoss = "Darkbeard [Lv. 1000] [Raid Boss]"
			CFrameBoss = CFrame.new(3876.00366, 24.6882591, -3820.21777, -0.976951957, 4.97356325e-08, 0.213458836, 4.57335361e-08, 1, -2.36868622e-08, -0.213458836, -1.33787044e-08, -0.976951957)
			elseif SelectBoss == "Order [Lv. 1250] [Raid Boss]" then
			MsBoss = "Order [Lv. 1250] [Raid Boss]"
			CFrameBoss = CFrame.new(-6221.15039, 16.2351036, -5045.23584, -0.380726993, 7.41463495e-08, 0.924687505, 5.85604774e-08, 1, -5.60738549e-08, -0.924687505, 3.28013137e-08, -0.380726993)
		elseif SelectBoss == "Awakened Ice Admiral [Lv. 1400] [Boss]" then
			MsBoss = "Awakened Ice Admiral [Lv. 1400] [Boss]"
			NameQuestBoss = "FrostQuest"
			LevelQuestBoss = 3
			CFrameQuestBoss = CFrame.new(5669.33203, 28.2118053, -6481.55908, 0.921275556, -1.25320829e-08, 0.388910472, 4.72230788e-08, 1, -7.96414241e-08, -0.388910472, 9.17372489e-08, 0.921275556)
			CFrameBoss = CFrame.new(6407.33936, 340.223785, -6892.521, 0.49051559, -5.25310213e-08, -0.871432424, -2.76146022e-08, 1, -7.58250565e-08, 0.871432424, 6.12576301e-08, 0.49051559)
		elseif SelectBoss == "Tide Keeper [Lv. 1475] [Boss]" then
			MsBoss = "Tide Keeper [Lv. 1475] [Boss]"
			NameQuestBoss = "ForgottenQuest"             
			LevelQuestBoss = 3
			CFrameQuestBoss = CFrame.new(-3053.89648, 236.881363, -10148.2324, -0.985987961, -3.58504737e-09, 0.16681771, -3.07832915e-09, 1, 3.29612559e-09, -0.16681771, 2.73641976e-09, -0.985987961)
			CFrameBoss = CFrame.new(-3570.18652, 123.328949, -11555.9072, 0.465199202, -1.3857326e-08, 0.885206044, 4.0332897e-09, 1, 1.35347511e-08, -0.885206044, -2.72606271e-09, 0.465199202)
			end
			end
			local Boss = {}
	for i, v in pairs(game.ReplicatedStorage:GetChildren()) do
		if string.find(v.Name, "Boss") then
			if v.Name == "Ice Admiral [Lv. 700] [Boss]" then
			else
				table.insert(Boss, v.Name)
			end
		end
	end
	for i, v in pairs(game.workspace.Enemies:GetChildren()) do
		if string.find(v.Name, "Boss") then
			if v.Name == "Ice Admiral [Lv. 700] [Boss]" then
			else
				table.insert(Boss, v.Name)
			end
		end
	end
	function AutoFramBoss()
		CheckQuestBoss()
		if MsBoss == "rip_indra True Form [Lv. 5000] [Raid Boss]" or MsBoss == "Order [Lv. 1250] [Raid Boss]" or MsBoss == "Soul Reaper [Lv. 2100] [Raid Boss]" or MsBoss == "Longma [Lv. 2000] [Boss]" or MsBoss == "The Saw [Lv. 100] [Boss]" or MsBoss == "Greybeard [Lv. 750] [Raid Boss]" or MsBoss == "Don Swan [Lv. 1000] [Boss]" or MsBoss == "Cursed Captain [Lv. 1325] [Raid Boss]" or MsBoss == "Saber Expert [Lv. 200] [Boss]" or MsBoss == "Mob Leader [Lv. 120] [Boss]" or MsBoss == "Darkbeard [Lv. 1000] [Raid Boss]" then
			if game:GetService("Workspace").Enemies:FindFirstChild(SelectBoss) then
				for i,v in pairs(game.Workspace.Enemies:GetChildren()) do
					if FramBoss and v:IsA("Model") and v:FindFirstChild("Humanoid") and v:FindFirstChild("HumanoidRootPart") and v.Humanoid.Health > 0 and v.Name == MsBoss then
						repeat wait() 
							if v:FindFirstChild("HumanoidRootPart") and v:FindFirstChild("Humanoid") and (v.HumanoidRootPart.Position - game.Players.LocalPlayer.Character.HumanoidRootPart.Position).magnitude > 350 then
								Farmtween = toTarget(v.HumanoidRootPart.Position,v.HumanoidRootPart.CFrame)
							elseif v:FindFirstChild("HumanoidRootPart") and v:FindFirstChild("Humanoid") and (v.HumanoidRootPart.Position - game.Players.LocalPlayer.Character.HumanoidRootPart.Position).magnitude <= 350 then
								if Farmtween then
									Farmtween:Stop()
								end
								EquipWeapon(SelectToolWeapon)
								Usefastattack = true
								if not game.Players.LocalPlayer.Character:FindFirstChild("HasBuso") then
									local args = {
										[1] = "Buso"
									}
									game:GetService("ReplicatedStorage").Remotes.CommF_:InvokeServer(unpack(args))
								end
								game.Players.LocalPlayer.Character.HumanoidRootPart.CFrame = v.HumanoidRootPart.CFrame * CFrame.new(0, 0, 30)
								Click()
							end
						until not FramBoss or not v.Parent or v.Humanoid.Health <= 0
						Usefastattack = false
					end
				end
			else
				Usefastattack = false
				Questtween = toTarget(CFrameBoss.Position,CFrameBoss)
				if (CFrameBoss.Position - game.Players.LocalPlayer.Character.HumanoidRootPart.Position).magnitude <= 350 then
					if Questtween then
						Questtween:Stop()
					end
					game.Players.LocalPlayer.Character.HumanoidRootPart.CFrame = CFrameBoss
					wait(1)
				end 
			end
		else
			if game.Players.LocalPlayer.PlayerGui.Main.Quest.Visible == false then
				Usefastattack = false
				CheckQuestBoss()
				Questtween = toTarget(CFrameQuestBoss.Position,CFrameQuestBoss)
				if (CFrameQuestBoss.Position - game.Players.LocalPlayer.Character.HumanoidRootPart.Position).magnitude <= 350 then
					if Questtween then
						Questtween:Stop()
					end
					game.Players.LocalPlayer.Character.HumanoidRootPart.CFrame = CFrameQuestBoss
					wait(1.1)
					game:GetService("ReplicatedStorage").Remotes.CommF_:InvokeServer("StartQuest", NameQuestBoss, LevelQuestBoss)
				end 
			elseif game.Players.LocalPlayer.PlayerGui.Main.Quest.Visible == true then
				if game:GetService("Workspace").Enemies:FindFirstChild(MsBoss) then print("Find")
					for i,v in pairs(game:GetService("Workspace").Enemies:GetChildren()) do
						if FramBoss and v.Name == MsBoss and v:FindFirstChild("HumanoidRootPart") and v:FindFirstChild("Humanoid") and v.Humanoid.Health > 0 then
							repeat wait()
								if v:FindFirstChild("HumanoidRootPart") and v:FindFirstChild("Humanoid") and (v.HumanoidRootPart.Position - game.Players.LocalPlayer.Character.HumanoidRootPart.Position).magnitude > 350 then
									Farmtween = toTarget(v.HumanoidRootPart.Position,v.HumanoidRootPart.CFrame)
								elseif v:FindFirstChild("HumanoidRootPart") and v:FindFirstChild("Humanoid") and (v.HumanoidRootPart.Position - game.Players.LocalPlayer.Character.HumanoidRootPart.Position).magnitude <= 350 then
									EquipWeapon(SelectToolWeapon)
									if Farmtween then
										Farmtween:Stop()
									end
									if Modstween then
										Modstween:Stop()
									end
									Usefastattack = true
									if not game.Players.LocalPlayer.Character:FindFirstChild("HasBuso") then
										local args = {
											[1] = "Buso"
										}
										game:GetService("ReplicatedStorage").Remotes.CommF_:InvokeServer(unpack(args))
									end
									game.Players.LocalPlayer.Character.HumanoidRootPart.CFrame = v.HumanoidRootPart.CFrame * CFrame.new(0, 30, 0)
									Click()
								end
							until not FramBoss or not v.Parent or v.Humanoid.Health <= 0 or game:GetService("Players").LocalPlayer.PlayerGui.Main.Quest.Visible == false
							Usefastattack = false
						end
					end
				else
					Usefastattack = false
					Questtween = toTarget(CFrameBoss.Position,CFrameBoss)
					if ThreeWorld and game:GetService("Players").LocalPlayer.Data.Level.Value >= 1925 and MsBoss == "Beautiful Pirate [Lv. 1950] [Boss]" and (CFrameBoss.Position - game:GetService("Players").LocalPlayer.Character:WaitForChild("HumanoidRootPart").Position).magnitude < 500 then
						if Questtween then
							Questtween:Stop()
						end
						local TouchInterest = game:GetService("Workspace").Map.Turtle.Entrance.Door.BossDoor.Hitbox
						game.Players.LocalPlayer.Character.HumanoidRootPart.CFrame = TouchInterest.CFrame
						UseTween = false
						wait(.1)
					elseif (CFrameBoss.Position - game.Players.LocalPlayer.Character.HumanoidRootPart.Position).magnitude <= 350 then
						if Questtween then
							Questtween:Stop()
						end
						game.Players.LocalPlayer.Character.HumanoidRootPart.CFrame = CFrameBoss
					end 
				end
			end
		end
	end
	
	spawn(function()
		while wait() do 
			pcall(function()
				if FramBossSelectHop then
					if game:GetService("Workspace").Enemies:FindFirstChild(_G.SelectBossHop) then
						for i, v in pairs(game:GetService("Workspace").Enemies:GetChildren()) do
							if v.Name == _G.SelectBossHop then
								if v:FindFirstChild("Humanoid") and v.Humanoid.Health > 0 then
									repeat wait()
										if v:FindFirstChild("Humanoid") and v.Humanoid.Health > 0 then
											if not game.Players.LocalPlayer.Character:FindFirstChild("HasBuso") then
												game:GetService("ReplicatedStorage").Remotes.CommF_:InvokeServer("Buso")
											end
											Click()
											EquipWeapon(SelectToolWeapon)
											v.HumanoidRootPart.Transparency = 1
											v.HumanoidRootPart.CanCollide = false
											v.HumanoidRootPart.Size = Vector3.new(60, 60, 60)
											MytoTarget(v.HumanoidRootPart.CFrame * CFrame.new(1,20,1))
										end
									until not FramBossSelectHop or not v.Parent or v.Humanoid.Health == 0
								end
							end	
						end
					elseif game:GetService("ReplicatedStorage"):FindFirstChild(_G.SelectBossHop) then
						MytoTarget(game:GetService("ReplicatedStorage"):FindFirstChild(_G.SelectBossHop).HumanoidRootPart.CFrame * CFrame.new(1,60,1))
					elseif game:GetService("Workspace").Enemies:FindFirstChild(_G.SelectBossHop) == nil and game:GetService("ReplicatedStorage"):FindFirstChild(_G.SelectBossHop) == nil then
						if syn then
							syn.queue_on_teleport([[
								_G.SelectBossHop = "]] .. _G.SelectBossHop .. [["
							]])
						else
							queue_on_teleport([[
								_G.SelectBossHop = "]] .. _G.SelectBossHop .. [["
							]])
						end
						local PlaceID = game.PlaceId
						local AllIDs = {}
						local foundAnything = ""
						local actualHour = os.date("!*t").hour
						local Deleted = false
						--[[
						local File = pcall(function()
							AllIDs = game:GetService('HttpService'):JSONDecode(readfile("NotSameServers.json"))
						end)
						if not File then
							table.insert(AllIDs, actualHour)
							writefile("NotSameServers.json", game:GetService('HttpService'):JSONEncode(AllIDs))
						end
						]]
						function TPReturner()
							local Site;
							if foundAnything == "" then
								Site = game.HttpService:JSONDecode(game:HttpGet('https://games.roblox.com/v1/games/' .. PlaceID .. '/servers/Public?sortOrder=Asc&limit=100'))
							else
								Site = game.HttpService:JSONDecode(game:HttpGet('https://games.roblox.com/v1/games/' .. PlaceID .. '/servers/Public?sortOrder=Asc&limit=100&cursor=' .. foundAnything))
							end
							local ID = ""
							if Site.nextPageCursor and Site.nextPageCursor ~= "null" and Site.nextPageCursor ~= nil then
								foundAnything = Site.nextPageCursor
							end
							local num = 0;
							for i,v in pairs(Site.data) do
								local Possible = true
								ID = tostring(v.id)
								if tonumber(v.maxPlayers) > tonumber(v.playing) then
									for _,Existing in pairs(AllIDs) do
										if num ~= 0 then
											if ID == tostring(Existing) then
												Possible = false
											end
										else
											if tonumber(actualHour) ~= tonumber(Existing) then
												local delFile = pcall(function()
													-- delfile("NotSameServers.json")
													AllIDs = {}
													table.insert(AllIDs, actualHour)
												end)
											end
										end
										num = num + 1
									end
									if Possible == true then
										table.insert(AllIDs, ID)
										wait()
										pcall(function()
											-- writefile("NotSameServers.json", game:GetService('HttpService'):JSONEncode(AllIDs))
											wait()
											game:GetService("TeleportService"):TeleportToPlaceInstance(PlaceID, ID, game.Players.LocalPlayer)
										end)
										wait(4)
									end
								end
							end
						end
	
						function Teleport()
							while wait() do
								pcall(function()
									TPReturner()
									if foundAnything ~= "" then
										TPReturner()
									end
								end)
							end
						end
	
						Teleport()
						wait(4)
					end
				end
			end)
		end
	end)
	
		KillBossuseGet = false
	function AutoFramAllBoss()
		for i, v in pairs(game.ReplicatedStorage:GetChildren()) do
			if not KillBossuseGet then
				if v.Name == "Diamond [Lv. 750] [Boss]" and game.Players.localPlayer.Data.Level.Value >= 750 then
					SelectBoss = "Diamond [Lv. 750] [Boss]"
				elseif v.Name == "Jeremy [Lv. 850] [Boss]" and game.Players.localPlayer.Data.Level.Value >= 850 then
					SelectBoss = "Jeremy [Lv. 850] [Boss]"
				elseif v.Name == "Fajita [Lv. 925] [Boss]" and game.Players.localPlayer.Data.Level.Value >= 925  then
					SelectBoss = "Fajita [Lv. 925] [Boss]"
				elseif v.Name == "Don Swan [Lv. 1000] [Boss]" and game.Players.localPlayer.Data.Level.Value >= 1000 and game:GetService("ReplicatedStorage").Remotes.CommF_:InvokeServer("TalkTrevor","1") == 0 then
					SelectBoss = "Don Swan [Lv. 1000] [Boss]" 
				elseif v.Name == "Smoke Admiral [Lv. 1150] [Boss]" and game.Players.localPlayer.Data.Level.Value >= 1150 then
					SelectBoss = "Smoke Admiral [Lv. 1150] [Boss]"
				elseif v.Name == "Cursed Captain [Lv. 1325] [Raid Boss]" and game.Players.localPlayer.Data.Level.Value >= 1325 then
					SelectBoss = "Cursed Captain [Lv. 1325] [Raid Boss]"
				elseif v.Name == "Awakened Ice Admiral [Lv. 1400] [Boss]" and game.Players.localPlayer.Data.Level.Value >= 1400  then
					SelectBoss = "Awakened Ice Admiral [Lv. 1400] [Boss]"
				elseif v.Name == "Tide Keeper [Lv. 1475] [Boss]" and game.Players.localPlayer.Data.Level.Value >= 1475  then
					SelectBoss = "Tide Keeper [Lv. 1475] [Boss]"
				-- Old World
				elseif v.Name == "The Gorilla King [Lv. 25] [Boss]" and game.Players.localPlayer.Data.Level.Value >= 20  then
					SelectBoss = "The Gorilla King [Lv. 25] [Boss]"
				elseif v.Name == "Bobby [Lv. 55] [Boss]" and game.Players.localPlayer.Data.Level.Value >= 55  then
					SelectBoss = "Bobby [Lv. 55] [Boss]" 
				elseif v.Name == "Yeti [Lv. 110] [Boss]" and game.Players.localPlayer.Data.Level.Value >= 105  then
					SelectBoss = "Yeti [Lv. 110] [Boss]"
				elseif v.Name == "Mob Leader [Lv. 120] [Boss]"  and game.Players.localPlayer.Data.Level.Value >= 120 then
					SelectBoss = "Mob Leader [Lv. 120] [Boss]"
				elseif v.Name == "Vice Admiral [Lv. 130] [Boss]"  and game.Players.localPlayer.Data.Level.Value >= 130 then
					SelectBoss = "Vice Admiral [Lv. 130] [Boss]"
				elseif v.Name == "Warden [Lv. 175] [Boss]" and game.Players.localPlayer.Data.Level.Value >= 175 then
					SelectBoss = "Warden [Lv. 175] [Boss]"
				elseif v.Name == "Saber Expert [Lv. 200] [Boss]" and game.Workspace.Map.Jungle.Final.Part.Transparency == 1 then
					SelectBoss = "Saber Expert [Lv. 200] [Boss]"
				elseif v.Name == "Chief Warden [Lv. 200] [Boss]"  and game.Players.localPlayer.Data.Level.Value >= 200 then
					SelectBoss = "Chief Warden [Lv. 200] [Boss]"
				elseif v.Name == "Swan [Lv. 225] [Boss]"  and game.Players.localPlayer.Data.Level.Value >= 250 then
					SelectBoss = "Swan [Lv. 225] [Boss]"
				elseif v.Name == "Magma Admiral [Lv. 350] [Boss]" and game.Players.localPlayer.Data.Level.Value >= 350  then
					SelectBoss = "Magma Admiral [Lv. 350] [Boss]"
				elseif v.Name == "Fishman Lord [Lv. 425] [Boss]" and game.Players.localPlayer.Data.Level.Value >= 425  then
					SelectBoss = "Fishman Lord [Lv. 425] [Boss]"
				elseif v.Name == "Wysper [Lv. 500] [Boss]" and game.Players.localPlayer.Data.Level.Value >= 500 then
					SelectBoss = "Wysper [Lv. 500] [Boss]"
				elseif v.Name == "Thunder God [Lv. 575] [Boss]"  and game.Players.localPlayer.Data.Level.Value >= 575 then
					SelectBoss = "Thunder God [Lv. 575] [Boss]"
				elseif v.Name == "Cyborg [Lv. 675] [Boss]" and game.Players.localPlayer.Data.Level.Value >= 675 then
					SelectBoss = "Cyborg [Lv. 675] [Boss]"
				-- Thire World
				elseif v.Name == "Stone [Lv. 1550] [Boss]" and game.Players.localPlayer.Data.Level.Value >= 1550 then
					SelectBoss = "Stone [Lv. 1550] [Boss]"
				elseif v.Name == "Island Empress [Lv. 1675] [Boss]" and game.Players.localPlayer.Data.Level.Value >= 1675 then
					SelectBoss = "Island Empress [Lv. 1675] [Boss]"
				elseif v.Name == "Kilo Admiral [Lv. 1750] [Boss]" and game.Players.localPlayer.Data.Level.Value >= 1750 then
					SelectBoss = "Kilo Admiral [Lv. 1750] [Boss]"
				elseif v.Name == "Captain Elephant [Lv. 1875] [Boss]" and game.Players.localPlayer.Data.Level.Value >= 1875 then
					SelectBoss = "Captain Elephant [Lv. 1875] [Boss]"
				elseif v.Name == "Beautiful Pirate [Lv. 1950] [Boss]" and game.Players.localPlayer.Data.Level.Value >= 1950 then
					SelectBoss = "Beautiful Pirate [Lv. 1950] [Boss]"
				end 
			end 
		end
		
		CheckQuestBoss()
		if SelectBoss == "rip_indra True Form [Lv. 5000] [Raid Boss]" or SelectBoss == "Order [Lv. 1250] [Raid Boss]" or SelectBoss == "Soul Reaper [Lv. 2100] [Raid Boss]" or SelectBoss == "Longma [Lv. 2000] [Boss]" or SelectBoss == "The Saw [Lv. 100] [Boss]" or SelectBoss == "Greybeard [Lv. 750] [Raid Boss]" or SelectBoss == "Don Swan [Lv. 1000] [Boss]" or SelectBoss == "Cursed Captain [Lv. 1325] [Raid Boss]" or SelectBoss == "Saber Expert [Lv. 200] [Boss]" or SelectBoss == "Mob Leader [Lv. 120] [Boss]" or SelectBoss == "Darkbeard [Lv. 1000] [Raid Boss]" then
			if game:GetService("Workspace").Enemies:FindFirstChild(SelectBoss) then
				for i,v in pairs(game.Workspace.Enemies:GetChildren()) do
					if KillAllBoss and v:IsA("Model") and v:FindFirstChild("Humanoid") and v:FindFirstChild("HumanoidRootPart") and v.Humanoid.Health > 0 and v.Name == MsBoss then
						repeat wait() 
							KillBossuseGet = true
							if v:FindFirstChild("HumanoidRootPart") and v:FindFirstChild("Humanoid") and (v.HumanoidRootPart.Position - game.Players.LocalPlayer.Character.HumanoidRootPart.Position).magnitude > 350 then
								Farmtween = toTarget(v.HumanoidRootPart.Position,v.HumanoidRootPart.CFrame)
							elseif v:FindFirstChild("HumanoidRootPart") and v:FindFirstChild("Humanoid") and (v.HumanoidRootPart.Position - game.Players.LocalPlayer.Character.HumanoidRootPart.Position).magnitude <= 350 then
								if Farmtween then
									Farmtween:Stop()
								end
								EquipWeapon(SelectToolWeapon)
								Usefastattack = true
								if not game.Players.LocalPlayer.Character:FindFirstChild("HasBuso") then
									local args = {
										[1] = "Buso"
									}
									game:GetService("ReplicatedStorage").Remotes.CommF_:InvokeServer(unpack(args))
								end
								game.Players.LocalPlayer.Character.HumanoidRootPart.CFrame = v.HumanoidRootPart.CFrame * CFrame.new(0, 0, 30)
								Click()
							end
						until not KillAllBoss or not v.Parent or v.Humanoid.Health <= 0
						Usefastattack = false
						KillBossuseGet = false
					end
				end
			else
				KillBossuseGet = true
				Usefastattack = false
				Questtween = toTarget(CFrameBoss.Position,CFrameBoss)
